178,129.8,118.6,179.9,3.6,1007.3,746.8,3,20.73
173,116,0,192,0,946.8,856.8,90,32.1
298,0,107,210,11,880,744,28,31.87
236,0,0,194,0,968,885,90,21.95
350,0,0,203,0,974,775,56,29.98
540,0,0,173,0,1125,613,180,71.62
295.7,0,95.6,171.5,8.9,955.1,859.2,28,39.94
157,236,0,192,0,935.4,781.2,3,9.69
331,0,0,192,0,978,825,360,41.24
322,149,0,186,8,951,709,28,52.42
213.7,98.1,24.5,181.7,6.9,1065.8,785.4,3,18
387,20,94,157,13.9,938,845,7,45.9
165,128.5,132.1,175.1,8.1,1005.8,746.6,14,33.09
331,0,0,192,0,978,825,3,13.52
525,0,0,189,0,1125,613,7,42.42
337.9,189,0,174.9,9.5,944.7,755.8,28,49.9
143.8,136.3,106.2,178.1,7.5,941.5,774.3,28,26.15
281,0,0,185,0,1104,774,28,22.44
194.7,0,100.5,165.6,7.5,1006.4,905.9,14,24.99
159,209,161,201,7,848,669,28,30.88
290.4,0,96.2,168.1,9.4,961.2,865,3,22.5
139.6,209.4,0,192,0,1047,806.9,90,39.36
318.8,212.5,0,155.7,14.3,852.1,880.4,7,33.4
337.9,189,0,174.9,9.5,944.7,755.8,7,35.1
190.3,0,125.2,166.6,9.9,1079,798.9,100,33.56
122.6,183.9,0,203.5,0,958.2,800.1,7,10.35
190.3,0,125.2,166.6,9.9,1079,798.9,14,19.42
213.5,0,174.2,159.2,11.7,1043.6,771.9,28,44.64
380,0,0,228,0,932,670,365,52.52
475,118.8,0,181.1,8.9,852.1,781.5,3,37.8
362.6,189,0,164.9,11.6,944.7,755.8,56,77.3
389.9,189,0,145.9,22,944.7,755.8,3,40.6
173.5,50.1,173.5,164.8,6.5,1006.2,793.5,28,38.2
310,143,0,168,10,914,804,28,45.3
522,0,0,146,0,896,896,7,50.51
382,0,0,185,0,1047,739,28,37.42
213.8,98.1,24.5,181.7,6.7,1066,785.5,56,47.13
261.9,110.5,86.1,195.4,5,895.2,732.6,28,33.72
349,0,0,192,0,1047,806,28,32.72
212.6,0,100.4,159.4,10.4,1003.8,903.8,14,25.37
389.9,189,0,145.9,22,944.7,755.8,91,82.6
190.3,0,125.2,161.9,9.9,1088.1,802.6,3,9.45
255.3,98.8,77,188.6,6.5,919,749.3,28,33.8
166.8,250.2,0,203.5,0,975.6,692.6,7,15.75
164,163,128,197,8,961,641,28,27.23
275,180,120,162,10.4,830,765,28,76.24
349,0,0,192,0,1047,806,360,42.13
401.8,94.7,0,147.4,11.4,946.8,852.1,56,73.7
173.8,93.4,159.9,172.3,9.7,1007.2,746.6,28,37.81
202,11,141,206,1.7,942,801,28,21.97
400,0,0,187,0,1025,745,7,30.14
446,24,79,162,11.6,967,712,28,57.03
141.3,212,0,203.5,0,971.8,748.5,90,39.66
251.8,0,99.9,146.1,12.4,1006,899.8,56,44.14
165,128.5,132.1,175.1,8.1,1005.8,746.6,56,53.72
148.1,0,136.6,158.1,16.1,1001.8,830.1,28,17.96
333,17.5,163,167,17.9,996,652,28,47.28
149,153,194,192,8,935,623,28,24.58
350,0,0,203,0,974,775,90,31.35
332.5,142.5,0,228,0,932,594,365,41.05
159,149,116,175,15,953,720,28,27.68
213.8,98.1,24.5,181.7,6.7,1066,785.5,14,17.84
380,95,0,228,0,932,594,365,43.7
339,0,0,185,0,1069,754,7,21.16
153.6,144.2,112.3,220.1,10.1,923.2,657.9,28,16.5
167.4,129.9,128.6,175.5,7.8,1006.3,746.6,28,41.2
331,0,0,192,0,978,825,180,39
286.3,200.9,0,144.7,11.2,1004.6,803.7,3,24.4
362.6,189,0,164.9,11.6,944.7,755.8,3,35.3
310,0,0,192,0,1012,830,7,17.24
362.6,189,0,164.9,11.6,944.7,755.8,56,77.3
333,0,0,192,0,931.2,842.6,90,41.68
310,0,0,192,0,1012,830,28,27.83
286.3,200.9,0,144.7,11.2,1004.6,803.7,91,76.8
212,141.3,0,203.5,0,973.4,750,28,33
158.8,238.2,0,185.7,0,1040.6,734.3,28,21.07
272.8,105.1,81.8,209.7,9,904,679.7,28,37.17
349,0,0,192,0,1047,806,3,14.99
143.7,170.2,132.6,191.6,8.5,814.1,805.3,28,29.87
159,187,0,176,11,990,789,28,32.76
305.3,203.5,0,203.5,0,965.4,631,3,14.14
316.1,210.7,0,185.7,0,977,689.3,7,24.44
155.6,243.5,0,180.3,10.7,1022,697.7,28,37.36
362.6,189,0,164.9,11.6,944.7,755.8,91,79.3
178,129.8,118.6,179.9,3.6,1007.3,746.8,100,49.99
310,0,0,192,0,970,850,7,14.99
296,0,0,192,0,1085,765,7,14.2
173,116,0,192,0,946.8,856.8,3,6.94
313.3,262.2,0,175.5,8.6,1046.9,611.8,3,28.8
214.9,53.8,121.9,155.6,9.6,1014.3,780.6,14,38.6
290.2,193.5,0,185.7,0,998.2,704.3,28,33.04
190,190,0,228,0,932,670,270,50.66
141.3,212,0,203.5,0,971.8,748.5,3,4.83
173.8,93.4,159.9,172.3,9.7,1007.2,746.6,14,29.55
505,0,60,195,0,1030,630,28,64.02
237.5,237.5,0,228,0,932,594,365,39
220.8,147.2,0,185.7,0,1055,744.3,28,25.75
469,117.2,0,137.8,32.2,852.1,840.5,7,54.9
425,106.3,0,153.5,16.5,852.1,887.1,91,65.2
342,38,0,228,0,932,670,90,50.46
331,0,0,192,0,1025,821,7,17.44
290.4,0,96.2,168.1,9.4,961.2,865,56,45.08
313.3,262.2,0,175.5,8.6,1046.9,611.8,28,59.8
140,133,103,200,7,916,753,28,36.44
339,0,0,197,0,968,781,365,38.89
145,0,134,181,11,979,812,28,13.2
148,0,182,181,15,839,884,28,15.52
331,0,0,192,0,879,825,3,13.52
325,0,0,184,0,1063,783,7,17.54
251.8,0,99.9,146.1,12.4,1006,899.8,14,33.36
480,0,0,192,0,936,721,90,54.28
262,111,86,195,5,895,733,28,33.72
266.2,112.3,87.5,177.9,10.4,909.7,744.5,28,39.42
168,42.1,163.8,121.8,5.7,1058.7,780.1,14,17.82
540,0,0,173,0,1125,613,14,59.76
148.1,0,182.1,181.4,15,838.9,884.3,28,15.53
213.7,98.1,24.5,181.7,6.9,1065.8,785.4,28,45.71
236,157,0,192,0,972.6,749.1,90,47.78
238.2,158.8,0,185.7,0,1040.6,734.3,28,26.91
356,0,142,193,11,801,778,28,40.87
135,105,193,196,6,965,643,28,21.91
295.7,0,95.6,171.5,8.9,955.1,859.2,56,48.72
531.3,0,0,141.8,28.2,852.1,893.7,7,46.9
374,189.2,0,170.1,10.1,926.1,756.7,28,61.09
193.5,290.2,0,185.7,0,998.2,704.3,28,32.63
277,0,0,191,0,968,856,90,31.25
374,189.2,0,170.1,10.1,926.1,756.7,91,64.9
350,0,0,203,0,974,775,14,22.53
356,119,0,160,9,1061,657,28,59
254,0,0,198,0,968,863,90,26.94
382.5,0,0,185.7,0,1047.8,739.3,28,37.44
297,0,0,186,0,1040,734,7,30.96
159.8,250,0,168.4,12.2,1049.3,688.2,28,39.46
540,0,0,173,0,1125,613,7,52.61
491,26,123,201,3.9,822,699,3,29.55
531.3,0,0,141.8,28.2,852.1,893.7,56,58.8
425,106.3,0,151.4,18.6,936,803.7,7,46.8
246.8,0,125.1,143.3,12,1086.8,800.9,56,60.32
305.3,203.5,0,203.5,0,965.4,631,7,25.89
173.8,93.4,159.9,172.3,9.7,1007.2,746.6,100,50.94
153,102,0,192,0,888,943.1,28,17.96
298.1,0,107.5,163.6,12.8,953.2,784,28,35.87
359,19,141,154,10.9,942,801,56,66.78
140,164,128,237,6,869,656,28,35.23
135.7,203.5,0,185.7,0,1076.2,759.3,28,18.2
190.3,0,125.2,161.9,9.9,1088.1,802.6,100,40.39
238.1,0,0,185.7,0,1118.8,789.3,28,17.58
213.7,0,174.7,154.8,10.2,1053.5,776.4,14,33.73
218.9,0,124.1,158.5,11.3,1078.7,794.9,14,26.05
439,177,0,186,11.1,884.9,707.9,28,66
500,0,0,200,0,1125,613,1,12.64
212.5,0,100.4,159.3,8.7,1007.8,903.6,3,13.54
182,45.2,122,170.2,8.2,1059.4,780.7,3,7.32
213.5,0,174.2,154.6,11.7,1052.3,775.5,100,59.3
322.5,148.6,0,185.8,8.5,951,709.5,28,52.43
277.2,97.8,24.5,160.7,11.2,1061.7,782.5,100,66.95
122.6,183.9,0,203.5,0,958.2,800.1,3,3.32
255.5,170.3,0,185.7,0,1026.6,724.3,7,17.24
288,192,0,192,0,932,717.8,7,23.52
266,114,0,228,0,932,670,180,48.7
480,0,0,192,0,936.2,712.2,3,24.4
285,190,0,163,7.6,1031,685,28,53.58
480,0,0,192,0,936.2,712.2,28,43.94
295.7,0,95.6,171.5,8.9,955.1,859.2,14,35.23
251.4,0,118.3,192.9,5.8,1043.6,754.3,100,40.15
277.1,0,97.4,160.6,11.8,973.9,875.6,100,55.64
255,0,0,192,0,889.8,945,90,21.86
349,0,0,192,0,1056,809,120,40.86
251.4,0,118.3,188.5,5.8,1028.4,757.7,14,29.93
325,0,0,184,0,1063,783,28,30.57
212.5,0,100.4,159.3,8.7,1007.8,903.6,56,42.55
446,24,79,162,11.6,967,712,3,25.02
212.1,0,121.6,180.3,5.7,1057.6,779.3,3,12.47
149,118,92,183,7,953,780,28,23.52
349,0,0,192,0,1056,809,28,33.61
200,133,0,192,0,965.4,806.2,7,17.17
284,15,141,179,5.5,842,801,28,43.73
162,214,164,202,10,820,680,28,30.65
200,200,0,190,0,1145,660,28,49.25
362.6,189,0,164.9,11.6,944.7,755.8,7,55.9
203.5,305.3,0,203.5,0,963.4,630,28,41.68
132,207,161,179,5,867,736,28,33.3
349,0,0,192,0,1047,806.9,3,15.05
252,0,0,185,0,1111,784,28,19.69
525,0,0,189,0,1125,613,90,58.78
362.6,189,0,164.9,11.6,944.7,755.8,91,79.3
288,121,0,177,7,908,829,28,42.13
190.3,0,125.2,161.9,9.9,1088.1,802.6,14,22.72
251.4,0,118.3,188.5,5.8,1028.4,757.7,28,29.65
325.6,166.4,0,174,8.9,881.6,790,28,61.24
332.5,142.5,0,228,0,932,594,180,39.78
168,42.1,163.8,121.8,5.7,1058.7,780.1,28,24.24
155,0,143,193,9,1047,697,28,12.46
149,117.6,91.7,182.9,7.1,953.4,780.3,28,23.52
213.7,0,174.7,154.8,10.2,1053.5,776.4,3,17.57
376,0,0,214.6,0,1003.5,762.4,14,25.62
162,190.1,148.1,178.8,18.8,838.1,741.4,28,33.76
359,19,141,154,10.9,942,801,7,35.75
295.8,0,0,185.7,0,1091.4,769.3,28,25.22
321.4,0,127.9,182.5,11.5,870.1,779.7,28,37.27
108.3,162.4,0,203.5,0,938.2,849,28,20.59
200,133,0,192,0,965.4,806.2,28,30.44
250,0,95.7,191.8,5.3,948.9,857.2,56,39.64
295,0,0,185,0,1069,769,7,14.8
362.6,189,0,164.9,11.6,944.7,755.8,56,77.3
376,0,0,214.6,0,1003.5,762.4,28,31.97
250,0,95.7,191.8,5.3,948.9,857.2,14,24.66
375,93.8,0,126.6,23.4,852.1,992.6,3,29
165,128.5,132.1,175.1,8.1,1005.8,746.6,3,19.42
172.4,13.6,172.4,156.8,4.1,1006.3,856.4,3,21.29
157,236,0,192,0,935.4,781.2,7,16.89
540,0,0,173,0,1125,613,270,74.17
296,0,107,221,11,819,778,28,31.42
238,0,0,185,0,1118,789,28,17.54
275,0,0,183,0,1088,808,28,24.5
250.2,166.8,0,203.5,0,977.6,694.1,28,36.96
277.2,97.8,24.5,160.7,11.2,1061.7,782.5,56,66.82
366,187,0,191.3,6.6,824.3,756.9,28,65.91
218.2,54.6,123.8,140.8,11.9,1075.7,792.7,100,63.53
284,15,141,179,5.5,842,801,56,44.52
234,156,0,189,5.9,981,760,28,39.3
213.5,0,174.2,159.2,11.7,1043.6,771.9,3,15.61
250,0,95.7,191.8,5.3,948.9,857.2,100,41.16
393,0,0,192,0,940.6,785.6,3,19.2
222.4,0,96.7,189.3,4.5,967.1,870.3,3,11.58
425,106.3,0,153.5,16.5,852.1,887.1,28,60.29
250.2,166.8,0,203.5,0,977.6,694.1,7,19.35
424,22,132,168,8.9,822,750,7,40.29
427.5,47.5,0,228,0,932,594,180,41.84
233.8,0,94.6,197.9,4.6,947,852.2,3,10.38
275,0,0,183,0,1088,808,7,14.2
475,0,0,228,0,932,594,28,39.29
250,0,0,182,0,1100,820,7,12.73
238,0,0,186,0,1119,789,7,12.05
229.7,0,118.2,195.2,6.1,1028.1,757.6,14,22.32
173.8,93.4,159.9,172.3,9.7,1007.2,746.6,3,15.82
167.4,129.9,128.6,175.5,7.8,1006.3,746.6,100,53.66
190,190,0,228,0,932,670,90,42.33
144,136,106,178,7,941,774,28,26.14
108.3,162.4,0,203.5,0,938.2,849,7,7.72
167,75.4,167,164,7.9,1007.3,770.1,56,53.46
387,20,94,157,13.9,938,845,3,25.51
165,0,143.6,163.8,0,1005.6,900.9,56,36.56
280,129,100,172,9,825,805,28,52.82
475,0,0,228,0,932,594,180,42.62
166,260,0,183,13,859,827,28,37.91
133,200,0,192,0,927.4,839.2,3,6.88
178,129.8,118.6,179.9,3.6,1007.3,746.8,28,39.16
229.7,0,118.2,195.2,6.1,1028.1,757.6,56,31.35
475,118.8,0,181.1,8.9,852.1,781.5,28,68.3
194.7,0,100.5,165.6,7.5,1006.4,905.9,28,25.72
349,0,0,192,0,1056,809,7,9.01
300,0,0,184,0,1075,795,28,26.85
475,118.8,0,181.1,8.9,852.1,781.5,56,72.3
168.9,42.2,124.3,158.3,10.8,1080.8,796.2,14,23.51
213.5,0,174.2,154.6,11.7,1052.3,775.5,56,51.43
522,0,0,146,0,896,896,28,74.99
238.1,0,94.1,186.7,7,949.9,847,56,39.59
326,166,0,174,9,882,790,28,61.23
230,0,118.3,195.5,4.6,1029.4,758.6,100,35.34
379.5,151.2,0,153.9,15.9,1134.3,605,56,54.9
158.8,238.2,0,185.7,0,1040.6,734.3,7,9.62
313,145,0,127,8,1000,822,28,44.52
286.3,200.9,0,144.7,11.2,1004.6,803.7,7,38
246.8,0,125.1,143.3,12,1086.8,800.9,100,66.42
310,0,0,192,0,970,850,360,38.11
322.2,0,115.6,196,10.4,817.9,813.4,28,31.18
375,93.8,0,126.6,23.4,852.1,992.6,91,62.5
359,19,141,154,10.9,942,801,7,38.61
277,116.8,91,190.6,7,946.5,665.6,28,43.58
339,0,0,197,0,968,781,180,36.45
424,22,132,168,8.9,822,750,3,32.11
213.7,0,174.7,154.8,10.2,1053.5,776.4,100,50.08
516,0,0,162,8.2,801,802,28,41.37
275.1,0,121.4,159.5,9.9,1053.6,777.5,56,56.85
192,288,0,192,0,929.8,716.1,28,39.32
297.2,0,117.5,174.8,9.5,1022.8,753.5,28,47.4
540,0,0,173,0,1125,613,3,41.64
332.5,142.5,0,228,0,932,594,90,37.72
218.9,0,124.1,158.5,11.3,1078.7,794.9,3,15.34
212,141.3,0,203.5,0,973.4,750,7,15.03
380,0,0,228,0,932,670,90,52.91
153,145,113,178,8,1002,689,28,25.56
252.3,0,98.8,146.3,14.2,987.8,889,56,55.83
316.1,210.7,0,185.7,0,977,689.3,28,38.7
166.8,250.2,0,203.5,0,975.6,692.6,28,33.95
182,45.2,122,170.2,8.2,1059.4,780.7,14,21.5
251.4,0,118.3,188.5,6.4,1028.4,757.7,28,32.66
190,190,0,228,0,932,670,365,53.69
436,0,0,218,0,838.4,719.7,28,23.85
427.5,47.5,0,228,0,932,594,28,37.43
387,20,94,157,13.9,938,845,56,47.97
194.7,0,100.5,170.2,7.5,998,901.8,56,43.39
165,0,150,182,12,1023,729,28,18.03
400,0,0,187,0,1025,745,28,43.7
165,128.5,132.1,175.1,8.1,1005.8,746.6,28,46.39
251.4,0,118.3,188.5,6.4,1028.4,757.7,100,44.21
158.6,148.9,116,175.1,15,953.3,719.7,28,27.68
376,0,0,214.6,0,1003.5,762.4,100,43.06
186.2,124.1,0,185.7,0,1083.4,764.3,28,17.6
133,200,0,192,0,927.4,839.2,28,27.87
250,0,95.7,191.8,5.3,948.9,857.2,3,8.49
252,0,0,186,0,1111,784,7,11.47
359,19,141,154,10.9,942,801,28,62.94
397,0,0,186,0,1040,734,28,36.94
236,0,0,193,0,968,885,365,25.08
202,11,141,206,1.7,942,801,56,23.25
212,141.3,0,203.5,0,973.4,750,3,6.81
122.6,183.9,0,203.5,0,958.2,800.1,28,24.29
339,0,0,185,0,1060,754,28,31.65
181.4,0,167,169.6,7.6,1055.6,777.8,3,13.62
218.9,0,124.1,158.5,11.3,1078.7,794.9,56,37.27
425,106.3,0,153.5,16.5,852.1,887.1,28,60.29
312.7,0,0,178.1,8,999.7,822.2,28,25.1
388.6,97.1,0,157.9,12.1,852.1,925.7,3,28.1
281,0,0,186,0,1104,774,28,22.44
229.7,0,118.2,195.2,6.1,1028.1,757.6,100,40.86
141.9,166.6,129.7,173.5,10.9,882.6,785.3,28,44.61
212.5,0,100.4,159.3,8.7,1007.8,903.6,14,26.31
425,106.3,0,153.5,16.5,852.1,887.1,7,49.2
287.3,120.5,93.9,187.6,9.2,904.4,695.9,28,43.8
236,157,0,192,0,972.6,749.1,3,13.57
116,173,0,192,0,909.8,891.9,7,10.09
184,86,190,213,6,923,623,28,22.93
154,174,185,228,7,845,612,28,24.34
238,0,0,186,0,1119,789,28,17.54
192,288,0,192,0,929.8,716.1,3,12.79
150,236.8,0,173.8,11.9,1069.3,674.8,28,37.43
254,0,0,198,0,968,863,365,29.79
152.7,144.7,0,178.1,8,999.7,822.2,28,19.01
194.7,0,100.5,170.2,7.5,998,901.8,28,37.27
289,0,0,192,0,913.2,895.3,28,25.57
154,144,112,220,10,923,658,28,16.5
183.9,122.6,0,203.5,0,959.2,800,3,4.9
147.8,175.1,0,171.2,2.2,1000,828.5,28,26.92
252.3,0,98.8,146.3,14.2,987.8,889,14,42.29
155,184,143,194,9,880,699,28,28.99
139.7,163.9,127.7,236.7,5.8,868.6,655.6,28,35.23
342,38,0,228,0,932,670,365,56.14
389.9,189,0,145.9,22,944.7,755.8,56,79.4
277.2,97.8,24.5,160.7,11.2,1061.7,782.5,14,47.71
251.4,0,118.3,188.5,5.8,1028.4,757.7,100,43.58
525,0,0,189,0,1125,613,3,33.8
250,180,95,159,9.5,860,800,28,67.87
332.5,142.5,0,228,0,932,594,270,40.27
212.6,0,100.4,159.4,10.4,1003.8,903.8,56,44.4
167.4,129.9,128.6,175.5,7.8,1006.3,746.6,56,51.72
375,0,0,186,0,1038,758,28,38.21
203.5,305.3,0,203.5,0,963.4,630,7,19.54
323.7,282.8,0,183.8,10.3,942.7,659.9,3,28.3
210.7,316.1,0,185.7,0,977,689.3,7,21.82
231.8,0,121.6,174,6.7,1056.4,778.5,28,33.73
425,106.3,0,151.4,18.6,936,803.7,91,66.7
170.3,155.5,0,185.7,0,1026.6,724.3,28,25.73
525,0,0,189,0,1125,613,180,61.92
277,117,91,191,7,946,666,28,43.57
102,153,0,192,0,887,942,90,25.46
252.3,0,98.8,146.3,14.2,987.8,889,28,50.6
313.3,0,113,178.5,8,1001.9,688.7,28,36.8
154.8,183.4,0,193.3,9.1,1047.4,696.7,28,18.29
182,45.2,122,170.2,8.2,1059.4,780.7,100,48.67
102,153,0,192,0,887,942,7,7.68
230,0,118.3,195.5,4.6,1029.4,758.6,56,31.54
295.8,0,0,185.7,0,1091.4,769.3,7,14.84
425,106.3,0,151.4,18.6,936,803.7,28,61.8
238.2,158.8,0,185.7,0,1040.6,734.3,7,15.69
374,0,0,190,7,1013,730,28,39.05
277.2,97.8,24.5,160.7,11.2,1061.7,782.5,3,30.45
304,76,0,228,0,932,670,270,54.38
236.9,91.7,71.5,246.9,6,852.9,695.4,28,28.63
331,170,0,195,8,811,802,28,56.61
190.3,0,125.2,166.6,9.9,1079,798.9,28,24.85
491,26,123,210,3.9,882,699,56,59.59
366,187,0,191,7,824,757,28,65.91
146,230,0,202,3,827,872,28,33.06
139.6,209.4,0,192,0,1047,806.9,28,28.24
135.7,203.5,0,185.7,0,1076.2,759.3,7,7.51
424,22,132,168,8.9,822,750,28,72.1
250,0,95.7,191.8,5.3,948.9,857.2,28,27.22
277,0,0,191,0,968,856,3,11.36
214.9,53.8,121.9,155.6,9.6,1014.3,780.6,56,53.96
277.2,97.8,24.5,160.7,11.2,1061.7,782.5,28,63.14
387,20,94,157,11.6,938,845,3,34.77
151.8,178.1,138.7,167.5,18.3,944,694.6,28,36.35
145,0,179,202,8,824,869,28,10.54
500,0,0,200,0,1125,613,270,55.16
190,190,0,228,0,932,670,28,40.86
446,24,79,162,11.6,967,712,7,52.01
230,0,118.3,195.5,4.6,1029.4,758.6,3,10.03
152.6,238.7,0,200,6.3,1001.8,683.9,28,26.86
397,0,0,185.7,0,1040.6,734.3,7,25.45
296,0,106.7,221.4,10.5,819.2,778.4,28,31.42
190.7,0,125.4,162.1,7.8,1090,804,56,35.34
393,0,0,192,0,940.6,785.6,90,48.85
149,139,109,193,6,892,780,28,23.69
237.5,237.5,0,228,0,932,594,180,36.25
307,0,0,193,0,968,812,90,32.92
198.6,132.4,0,192,0,978.4,825.5,180,41.72
439,177,0,186,11.1,884.9,707.9,3,39.3
194.7,0,100.5,165.6,7.5,1006.4,905.9,56,33.96
260,101,78,171,10,936,763,28,49.77
203.5,135.7,0,185.7,0,1076.2,759.3,28,22.63
374,189.2,0,170.1,10.1,926.1,756.7,56,63.4
337.9,189,0,174.9,9.5,944.7,755.8,91,67.8
337.9,189,0,174.9,9.5,944.7,755.8,3,24.1
236,157,0,192,0,972.6,749.1,28,32.88
310,0,0,192,0,1012,830,90,35.76
149.5,236,0,175.8,12.6,846.8,892.7,28,32.96
333,0,0,192,0,931.2,842.6,3,15.62
139.6,209.4,0,192,0,1047,806.9,360,44.7
198.6,132.4,0,192,0,978.4,825.5,360,44.3
284,119.7,0,168.3,7.2,970.4,794.2,28,40.93
318,0,126,210,6,861,737,28,40.06
165,128.5,132.1,175.1,8.1,1005.8,746.6,100,55.02
236,0,0,194,0,968,885,3,6.47
303.6,139.9,0,213.5,6.2,895.5,722.5,28,33.42
302,0,0,203,0,974,817,28,21.75
250,0,95.7,187.4,5.5,956.9,861.2,28,29.22
451,0,0,165,11.3,1030,745,28,78.8
380,95,0,228,0,932,594,180,40.76
425,106.3,0,153.5,16.5,852.1,887.1,91,65.2
500,0,0,200,0,1125,613,28,44.09
279.8,128.9,100.4,172.4,9.5,825.1,804.9,28,52.83
250.2,166.8,0,203.5,0,977.6,694.1,90,47.71
298.2,0,107,209.7,11.1,879.6,744.2,28,31.88
500,0,0,200,0,1125,613,90,47.22
318.8,212.5,0,155.7,14.3,852.1,880.4,91,68.1
181.9,272.8,0,185.7,0,1012.4,714.3,7,12.37
249.1,0,98.8,158.1,12.8,987.8,889,100,51.06
153,102,0,192,0,888,943.1,90,26.32
275.1,0,121.4,159.5,9.9,1053.6,777.5,3,23.8
350,0,0,203,0,974,775,28,27.34
326.5,0,137.9,199,10.8,801.1,792.5,28,38.63
162,190,148,179,19,838,741,28,33.76
190.3,0,125.2,161.9,9.9,1088.1,802.6,28,28.47
212.1,0,121.6,180.3,5.7,1057.6,779.3,100,39.61
222.4,0,96.7,189.3,4.5,967.1,870.3,100,40.71
302,0,0,203,0,974,817,14,18.13
266,114,0,228,0,932,670,90,47.03
251.4,0,118.3,192.9,5.8,1043.6,754.3,14,20.73
379.5,151.2,0,153.9,15.9,1134.3,605,28,52.2
475,0,0,228,0,932,594,90,42.23
321,0,128,182,11,870,780,28,37.26
446,24,79,162,11.6,967,712,28,51.02
362.6,189,0,164.9,11.6,944.7,755.8,28,71.3
166.1,0,163.3,176.5,4.5,1058.6,780.1,100,33.54
375,93.8,0,126.6,23.4,852.1,992.6,7,45.7
222.4,0,96.7,189.3,4.5,967.1,870.3,28,24.89
469,117.2,0,137.8,32.2,852.1,840.5,28,66.9
525,0,0,189,0,1125,613,14,48.4
194.7,0,100.5,165.6,7.5,1006.4,905.9,100,37.34
192,288,0,192,0,929.8,716.1,90,50.73
425,106.3,0,153.5,16.5,852.1,887.1,7,49.2
425,106.3,0,153.5,16.5,852.1,887.1,56,64.3
296,0,0,186,0,1090,769,28,25.18
153,102,0,192,0,888,943.1,3,4.78
136.4,161.6,125.8,171.6,10.4,922.6,764.4,28,29.07
290.4,0,96.2,168.1,9.4,961.2,865,100,48.97
237.5,237.5,0,228,0,932,594,7,26.26
385,0,0,186,0,966,763,14,27.92
172.4,13.6,172.4,156.8,4.1,1006.3,856.4,100,37.68
212.6,0,100.4,159.4,10.4,1003.8,903.8,100,47.74
380,95,0,228,0,932,594,90,40.56
297.8,137.2,106.9,201.3,6,878.4,655.3,28,53.52
198.6,132.4,0,192,0,978.4,825.5,7,14.64
388.6,97.1,0,157.9,12.1,852.1,925.7,7,34.9
540,0,0,162,2.5,1040,676,28,79.99
238.1,0,94.1,186.7,7,949.9,847,100,44.3
213.8,98.1,24.5,181.7,6.7,1066,785.5,28,40.23
375,0,0,186,0,1038,758,7,26.06
388.6,97.1,0,157.9,12.1,852.1,925.7,56,55.2
393,0,0,192,0,940.6,785.6,7,27.74
389.9,189,0,145.9,22,944.7,755.8,28,74.5
469,117.2,0,137.8,32.2,852.1,840.5,91,70.7
313,145,0,178,8,867,824,28,44.39
146,173,0,182,3,986,817,28,23.74
250.2,166.8,0,203.5,0,977.6,694.1,3,9.73
469,117.2,0,137.8,32.2,852.1,840.5,3,40.2
315,137,0,145,5.9,1130,745,28,81.75
213.7,0,174.7,154.8,10.2,1053.5,776.4,28,40.15
388.6,97.1,0,157.9,12.1,852.1,925.7,28,50.7
374.3,0,0,190.2,6.7,1013.2,730.4,28,39.06
272.6,0,89.6,198.7,10.6,931.3,762.2,28,32.25
190.3,0,125.2,166.6,9.9,1079,798.9,56,31.72
264.5,111,86.5,195.5,5.9,832.6,790.4,28,41.54
133,200,0,192,0,927.4,839.2,7,13.66
310,142.8,0,167.9,10,914.3,804,28,45.3
213.5,0,174.2,154.6,11.7,1052.3,775.5,3,17.37
289,133.7,0,194.9,5.5,924.1,760.1,28,46.25
331,0,0,192,0,1025,821,3,14.31
165,0,143.6,163.8,0,1005.6,900.9,3,14.4
540,0,0,173,0,1125,613,28,67.31
190,190,0,228,0,932,670,180,46.93
323.7,282.8,0,183.8,10.3,942.7,659.9,56,80.2
168.9,42.2,124.3,158.3,10.8,1080.8,796.2,28,31.12
144,170,133,192,8,814,805,28,29.87
213.7,98.1,24.5,181.7,6.9,1065.8,785.4,100,53.9
190.7,0,125.4,162.1,7.8,1090,804,14,21.06
250,0,95.7,187.4,5.5,956.9,861.2,3,13.82
475,118.8,0,181.1,8.9,852.1,781.5,91,74.19
218.2,54.6,123.8,140.8,11.9,1075.7,792.7,14,35.96
299.8,0,119.8,211.5,9.9,878.2,727.6,28,23.84
181.4,0,167,169.6,7.6,1055.6,777.8,100,45.37
236,0,0,193,0,968,885,7,9.99
350,0,0,203,0,974,775,7,18.13
304,76,0,228,0,932,670,180,50.95
475,0,0,228,0,932,594,270,42.13
122.6,183.9,0,203.5,0,958.2,800.1,90,33.19
336.5,0,0,181.9,3.4,985.8,816.8,28,44.87
491,26,123,210,3.9,882,699,3,25.61
157,236,0,192,0,935.4,781.2,28,33.66
425,106.3,0,153.5,16.5,852.1,887.1,7,49.2
252,0,0,185,0,1111,784,7,13.71
393,0,0,192,0,940.6,785.6,28,39.6
475,0,0,228,0,932,594,365,41.93
155,183,0,193,9,877,868,28,23.79
359,19,141,154,10.9,942,801,56,68.75
255,99,77,189,6,919,749,28,33.8
446,24,79,162,11.6,967,712,3,23.35
446,24,79,162,11.6,967,712,56,61.07
424,22,132,178,8.5,822,750,7,39
387,20,94,157,13.9,938,845,28,46.68
277.1,0,97.4,160.6,11.8,973.9,875.6,28,48.28
213.5,0,174.2,154.6,11.7,1052.3,775.5,14,33.7
359,19,141,154,10.9,942,801,28,59.49
333,0,0,192,0,931.2,842.6,28,31.97
213.7,98.1,24.5,181.7,6.9,1065.8,785.4,56,50.77
230,0,118.3,195.5,4.6,1029.4,758.6,28,24.48
339.2,0,0,185.7,0,1069.2,754.3,7,21.18
158,0,195,220,11,898,713,28,8.54
102,153,0,192,0,887,942,3,4.57
152,178,139,168,18,944,695,28,36.35
339,0,0,197,0,968,781,14,27.04
475,118.8,0,181.1,8.9,852.1,781.5,7,55.6
424,22,132,168,8.9,822,750,56,74.36
153,145,113,178,8,867,824,28,26.23
289,0,0,192,0,913.2,895.3,7,14.6
251.4,0,118.3,188.5,5.8,1028.4,757.7,56,36.97
203.5,305.3,0,203.5,0,963.4,630,90,51.86
287,121,94,188,9,904,696,28,41.94
288,192,0,192,0,932,717.8,28,38.8
276.4,116,90.3,179.6,8.9,870.1,768.3,28,44.28
212.5,0,100.4,159.3,8.7,1007.8,903.6,100,42.92
167,75.4,167,164,7.9,1007.3,770.1,14,32.9
166.1,0,163.3,176.5,4.5,1058.6,780.1,28,21.54
362.6,189,0,164.9,11.6,944.7,755.8,28,71.3
156,178,187,221,7,854,614,28,29.41
228,342.1,0,185.7,0,955.8,674.3,28,39.7
388.6,97.1,0,157.9,12.1,852.1,925.7,91,57.6
446,24,79,162,11.6,967,712,3,35.36
289,0,0,192,0,913.2,895.3,90,32.07
178,129.8,118.6,179.9,3.6,1007.3,746.8,56,48.59
254,0,0,198,0,968,863,180,27.63
148,0,137,158,16,1002,830,28,17.95
213.5,0,174.2,159.2,11.7,1043.6,771.9,56,51.26
167,75.4,167,164,7.9,1007.3,770.1,100,56.81
186.2,124.1,0,185.7,0,1083.4,764.3,7,8
322,0,0,203,0,974,800,14,20.77
491,26,123,201,3.9,822,699,56,61.86
251.4,0,118.3,188.5,5.8,1028.4,757.7,3,17.22
198.6,132.4,0,192,0,978.4,825.5,28,28.02
255,0,0,192,0,889.8,945,3,8.2
310,0,0,192,0,1012,830,120,38.7
155,183,0,193,9,1047,697,28,18.28
249.1,0,98.8,158.1,12.8,987.8,889,28,30.85
349,0,0,192,0,1047,806,90,39.49
342,38,0,228,0,932,670,180,52.12
277,0,0,191,0,968,856,14,21.26
167,75.4,167,164,7.9,1007.3,770.1,3,15.52
102,153,0,192,0,887,942,28,17.28
277.1,0,97.4,160.6,11.8,973.9,875.6,3,23.14
156,243,0,180,11,1022,698,28,37.36
295,0,0,185,0,1069,769,28,25.18
380,95,0,228,0,932,594,28,36.45
141.3,212,0,203.5,0,971.8,748.5,7,10.39
331,0,0,192,0,1025,821,120,39.38
233.8,0,94.6,197.9,4.6,947,852.2,28,22.84
212.6,0,100.4,159.4,10.4,1003.8,903.8,3,13.33
312.7,144.7,0,127.3,8,999.7,822.2,28,44.52
143,169,143,191,8,967,643,28,29.72
298,137,107,201,6,878,655,28,53.52
148,175,0,171,2,1000,828,28,26.92
290.4,0,96.2,168.1,9.4,961.2,865,28,34.74
108.3,162.4,0,203.5,0,938.2,849,3,2.33
277.1,0,97.4,160.6,11.8,973.9,875.6,14,41.89
151,0,185,167,16,1074,678,28,13.46
170.3,155.5,0,185.7,0,1026.6,724.3,7,10.73
387,20,94,157,14.3,938,845,7,36.84
203.5,305.3,0,203.5,0,963.4,630,3,9.56
165,0,143.6,163.8,0,1005.6,900.9,14,16.88
139.6,209.4,0,192,0,1047,806.9,7,14.59
393,0,0,192,0,940,758,90,48.79
166.8,250.2,0,203.5,0,975.6,692.6,3,6.9
379.5,151.2,0,153.9,15.9,1134.3,605,7,47.1
272.8,181.9,0,185.7,0,1012.4,714.3,7,19.77
116,173,0,192,0,909.8,891.9,28,22.35
500,0,0,200,0,1125,613,14,36.94
214.9,53.8,121.9,155.6,9.6,1014.3,780.6,3,18.02
321,164,0,190,5,870,774,28,57.21
162,207,172,216,10,822,638,28,39.84
427.5,47.5,0,228,0,932,594,90,41.54
251.8,0,99.9,146.1,12.4,1006,899.8,28,33.94
213.5,0,174.2,159.2,11.7,1043.6,771.9,14,29.59
323.7,282.8,0,183.8,10.3,942.7,659.9,28,74.7
194.7,0,100.5,165.6,7.5,1006.4,905.9,3,12.45
212.1,0,121.6,180.3,5.7,1057.6,779.3,14,20.92
173.5,50.1,173.5,164.8,6.5,1006.2,793.5,3,23.08
332.5,142.5,0,228,0,932,594,28,33.02
251.4,0,118.3,188.5,6.4,1028.4,757.7,3,13.12
231.8,0,121.6,174,6.7,1056.4,778.5,100,45.84
136,196,98,199,6,847,783,28,26.97
385,0,0,186,0,966,763,28,31.35
275.1,0,121.4,159.5,9.9,1053.6,777.5,28,51.33
380,0,0,228,0,932,670,180,53.1
237,92,71,247,6,853,695,28,28.63
389.9,189,0,145.9,22,944.7,755.8,7,59.09
255.5,170.3,0,185.7,0,1026.6,724.3,28,32.05
397,17.2,158,167,20.8,967,633,28,55.65
362.6,189,0,164.9,11.6,944.7,755.8,28,71.3
132,206.5,160.9,178.9,5.5,866.9,735.6,28,33.31
251.8,0,99.9,146.1,12.4,1006,899.8,3,21.02
233.8,0,94.6,197.9,4.6,947,852.2,100,34.56
212,0,124.8,159,7.8,1085.4,799.5,3,19.52
154.8,0,142.8,193.3,9.1,877.2,867.7,28,9.74
298.1,0,107,186.4,6.1,879,815.2,28,42.64
480,0,0,192,0,936,721,28,43.89
540,0,0,162,2.5,1055,676,28,61.89
168.9,42.2,124.3,158.3,10.8,1080.8,796.2,3,7.4
295.7,0,95.6,171.5,8.9,955.1,859.2,100,52.04
322,0,0,203,0,974,800,180,29.59
250,0,0,182,0,1100,820,28,20.87
166.1,0,163.3,176.5,4.5,1058.6,780.1,56,28.63
229.7,0,118.2,195.2,6.1,1028.1,757.6,28,24.54
251.8,0,99.9,146.1,12.4,1006,899.8,100,45.37
284,15,141,179,5.5,842,801,7,24.13
237.5,237.5,0,228,0,932,594,28,30.08
231.8,0,121.6,174,6.7,1056.4,778.5,14,26.77
145.7,172.6,0,181.9,3.4,985.8,816.8,28,23.74
312.9,160.5,0,177.6,9.6,916.6,759.5,28,52.45
446,24,79,162,11.6,967,712,7,38.02
213.8,98.1,24.5,181.7,6.7,1066,785.5,100,49.97
387,20,94,157,14.3,938,845,28,50.24
237.5,237.5,0,228,0,932,594,90,33.12
173,116,0,192,0,946.8,856.8,7,11.39
254,0,0,198,0,968,863,3,9.31
286.3,200.9,0,144.7,11.2,1004.6,803.7,28,67.7
339,0,0,197,0,968,781,3,13.22
181.4,0,167,169.6,7.6,1055.6,777.8,56,35.57
362.6,189,0,164.9,11.6,944.7,755.8,3,35.3
313.3,145,0,178.5,8,1001.9,688.7,28,41.05
134.7,0,165.7,180.2,10,961,804.9,28,13.29
136,162,126,172,10,923,764,28,29.07
385,0,0,186,0,966,763,7,23.22
531.3,0,0,141.8,28.2,852.1,893.7,91,59.2
439,177,0,186,11.1,884.9,707.9,56,71.7
362.6,189,0,164.9,11.6,944.7,755.8,7,22.9
266,112,87,178,10,910,745,28,39.42
379.5,151.2,0,153.9,15.9,1134.3,605,3,28.6
218.9,0,124.1,158.5,11.3,1078.7,794.9,100,46.23
491,26,123,210,3.9,882,699,28,55.55
252.3,0,98.8,146.3,14.2,987.8,889,3,21.78
337.9,189,0,174.9,9.5,944.7,755.8,56,59.89
500,0,0,200,0,1125,613,7,33.21
359,19,141,154,10.9,942,801,3,23.64
255,0,0,192,0,889.8,945,28,18.75
313,0,113,178,8,1002,689,28,36.8
239.6,359.4,0,185.7,0,941.6,664.3,28,39.44
304,76,0,228,0,932,670,90,49.19
200,133,0,192,0,965.4,806.2,3,11.41
155.2,183.9,143.2,193.8,9.2,879.6,698.5,28,28.99
233.8,0,94.6,197.9,4.6,947,852.2,14,22.14
289,0,0,192,0,913.2,895.3,3,11.65
198.6,132.4,0,192,0,978.4,825.5,90,38.07
182,45.2,122,170.2,8.2,1059.4,780.7,56,43.5
446,24,79,162,11.6,967,712,7,39.3
310,0,0,192,0,970,850,180,37.33
148.5,139.4,108.6,192.7,6.1,892.4,780,28,23.7
277.1,0,97.4,160.6,11.8,973.9,875.6,56,51.04
190.7,0,125.4,162.1,7.8,1090,804,3,15.04
362.6,189,0,164.9,11.6,944.7,755.8,7,55.9
313.3,262.2,0,175.5,8.6,1046.9,611.8,91,66.6
336,0,0,182,3,986,817,28,44.86
321.3,164.2,0,190.5,4.6,870,774,28,57.22
304.8,0,99.6,196,9.8,959.4,705.2,28,30.12
317.9,0,126.5,209.7,5.7,860.5,736.6,28,40.06
212,0,124.8,159,7.8,1085.4,799.5,56,45.08
144,15,195,176,6,1021,709,28,15.34
385,0,0,186,0,966,763,1,6.27
339.2,0,0,185.7,0,1069.2,754.3,28,31.9
339,0,0,197,0,968,781,7,20.97
350,0,0,186,0,1050,770,28,34.29
173.8,93.4,159.9,172.3,9.7,1007.2,746.6,56,48.99
160,188,146,203,11,829,710,28,32.84
288.4,121,0,177.4,7,907.9,829.5,28,42.14
424,22,132,178,8.5,822,750,28,62.05
194.7,0,100.5,170.2,7.5,998,901.8,14,24.28
222.4,0,96.7,189.3,4.5,967.1,870.3,56,29.45
167,187,195,185,7,898,636,28,23.89
116,173,0,192,0,909.8,891.9,3,6.28
286.3,200.9,0,144.7,11.2,1004.6,803.7,56,72.99
152,0,112,184,8,992,816,28,12.18
190.7,0,125.4,162.1,7.8,1090,804,28,26.4
190.3,0,125.2,166.6,9.9,1079,798.9,3,12.55
296,0,0,186,0,1090,769,7,18.91
313,145,0,178,8,1002,689,28,41.05
251.4,0,118.3,188.5,6.4,1028.4,757.7,14,24.43
305.3,203.5,0,203.5,0,965.4,631,90,54.6
249.1,0,98.8,158.1,12.8,987.8,889,14,28.68
362.6,189,0,164.9,11.6,944.7,755.8,7,55.9
153.1,145,113,178.5,8,1001.9,688.7,28,25.56
159.1,186.7,0,175.6,11.3,989.6,788.9,28,32.77
173.5,50.1,173.5,164.8,6.5,1006.2,793.5,56,53.77
296,0,0,192,0,1085,765,28,21.65
194.7,0,100.5,170.2,7.5,998,901.8,3,12.18
380,95,0,228,0,932,594,7,32.82
172.4,13.6,172.4,156.8,4.1,1006.3,856.4,56,35.85
374,189.2,0,170.1,10.1,926.1,756.7,3,34.4
349,0,0,192,0,1047,806,7,18.13
238.1,0,94.1,186.7,7,949.9,847,28,30.23
193.5,290.2,0,185.7,0,998.2,704.3,7,17.2
168,42.1,163.8,121.8,5.7,1058.7,780.1,56,32.85
332.5,142.5,0,228,0,932,594,7,30.28
284,120,0,168,7,970,794,28,40.93
289,134,0,195,6,924,760,28,46.24
273,105,82,210,9,904,680,28,37.17
491,26,123,201,3.9,822,699,28,57.92
425,106.3,0,153.5,16.5,852.1,887.1,56,64.3
425,106.3,0,153.5,16.5,852.1,887.1,91,65.2
239.6,359.4,0,185.7,0,941.6,664.3,7,25.42
214.9,53.8,121.9,155.6,9.6,1014.3,780.6,100,56.63
212,141.3,0,203.5,0,973.4,750,90,39.7
154.8,183.4,0,193.3,9.1,877.2,867.7,28,23.79
160.2,188,146.4,203.2,11.3,828.7,709.7,28,35.31
425,106.3,0,153.5,16.5,852.1,887.1,28,60.29
153,239,0,200,6,1002,684,28,26.86
333,0,0,192,0,931.2,842.6,7,23.4
296,0,0,192,0,1085,765,90,29.39
401.8,94.7,0,147.4,11.4,946.8,852.1,28,68.5
212.1,0,121.6,180.3,5.7,1057.6,779.3,56,34.2
387,20,94,157,14.3,938,845,56,56.34
160,128,122,182,6.4,824,879,28,39.4
295.7,0,95.6,171.5,8.9,955.1,859.2,3,22.95
491,26,123,210,3.9,882,699,7,33.49
277,0,0,191,0,968,856,360,33.7
485,0,0,146,0,1120,800,28,71.99
202,11,141,206,1.7,942,801,3,9.85
246.8,0,125.1,143.3,12,1086.8,800.9,14,42.22
313.8,0,112.6,169.9,10.1,925.3,782.9,28,38.46
250,0,95.7,187.4,5.5,956.9,861.2,14,24.92
231.8,0,121.6,174,6.7,1056.4,778.5,3,15.44
393,0,0,192,0,940,758,3,19.11
266,114,0,228,0,932,670,270,51.73
141.3,212,0,203.5,0,971.8,748.5,28,29.89
142,167,130,174,11,883,785,28,44.61
531.3,0,0,141.8,28.2,852.1,893.7,3,41.3
298,0,107,186,6,879,815,28,42.64
446,24,79,162,11.6,967,712,56,55.25
166.1,0,163.3,176.5,4.5,1058.6,780.1,14,25.48
304,76,0,228,0,932,670,28,47.81
382,0,0,186,0,1047,739,7,24
382,0,0,185,0,1047,739,7,24
314,145.3,113.2,178.9,8,869.1,690.2,28,46.23
273,0,90,199,11,931,762,28,32.24
540,0,0,173,0,1125,613,90,69.66
425,106.3,0,153.5,16.5,852.1,887.1,3,33.4
339,0,0,185,0,1069,754,28,31.84
297.2,0,117.5,174.8,9.5,1022.8,753.5,3,21.91
531.3,0,0,141.8,28.2,852.1,893.7,28,56.4
318.8,212.5,0,155.7,14.3,852.1,880.4,28,55.5
439,177,0,186,11.1,884.9,707.9,91,73.3
181.4,0,167,169.6,7.6,1055.6,777.8,14,21.6
213.7,0,174.7,154.8,10.2,1053.5,776.4,56,46.64
297.2,0,117.5,174.8,9.5,1022.8,753.5,14,36.99
252.5,0,0,185.7,0,1111.6,784.3,28,19.77
349,0,0,192,0,1056,809,3,15.87
305,0,100,196,10,959,705,28,30.12
168,42.1,163.8,121.8,5.7,1058.7,780.1,100,39.23
382,0,0,186,0,1111,784,7,11.47
446,24,79,162,10.3,967,712,28,53.39
218.2,54.6,123.8,140.8,11.9,1075.7,792.7,28,55.51
307,0,0,193,0,968,812,28,27.53
310,0,0,192,0,971,850.6,3,9.87
249.1,0,98.8,158.1,12.8,987.8,889,56,42.03
349,0,0,192,0,1056,809,90,40.66
135,0,166,180,10,961,805,28,13.29
212,0,124.8,159,7.8,1085.4,799.5,14,31.35
322,0,116,196,10,818,813,28,31.18
251.4,0,118.3,188.5,6.4,1028.4,757.7,56,36.64
214.9,53.8,121.9,155.6,9.6,1014.3,780.6,28,52.2
173.5,50.1,173.5,164.8,6.5,1006.2,793.5,14,33.01
190.7,0,125.4,162.1,7.8,1090,804,100,40.57
381.4,0,0,185.7,0,1104.6,784.3,28,22.49
261,100,78,201,9,864,761,28,32.4
165,0,143.6,163.8,0,1005.6,900.9,28,26.2
251.4,0,118.3,192.9,5.8,1043.6,754.3,28,33.27
153,102,0,192,0,888,943.1,7,8.37
313.3,262.2,0,175.5,8.6,1046.9,611.8,56,64.9
318.8,212.5,0,155.7,14.3,852.1,880.4,56,66.1
202,11,141,206,1.7,942,801,7,15.07
146.5,114.6,89.3,201.9,8.8,860,829.5,28,19.99
318.8,212.5,0,155.7,14.3,852.1,880.4,3,25.2
379.5,151.2,0,153.9,15.9,1134.3,605,91,56.5
259.9,100.6,78.4,170.6,10.4,935.7,762.9,28,49.77
480,0,0,192,0,936,721,3,24.39
151,0,184,167,12,991,772,28,15.57
401.8,94.7,0,147.4,11.4,946.8,852.1,7,54.1
387,20,94,157,11.6,938,845,56,61.46
313,0,0,178,8,1000,822,28,25.1
277,0,0,191,0,968,856,28,25.97
272.8,181.9,0,185.7,0,1012.4,714.3,28,31.38
331,0,0,192,0,978,825,7,16.26
167.4,129.9,128.6,175.5,7.8,1006.3,746.6,3,14.94
290.4,0,96.2,168.1,9.4,961.2,865,14,34.67
382.5,0,0,185.7,0,1047.8,739.3,7,24.07
150.7,0,185.3,166.7,15.6,1074.5,678,28,13.46
183.9,122.6,0,203.5,0,959.2,800,28,24.05
236,157,0,192,0,972.6,749.1,7,20.42
401.8,94.7,0,147.4,11.4,946.8,852.1,3,41.1
145.4,0,178.9,201.7,7.8,824,868.7,28,10.54
525,0,0,189,0,1125,613,28,55.94
139.6,209.4,0,192,0,1047,806.9,180,44.21
238.1,0,0,185.7,0,1118.8,789.3,7,10.34
165,0,143.6,163.8,0,1005.6,900.9,100,37.96
350,0,0,203,0,974,775,180,32.72
